epoch,train_loss,val_loss
0,0.652442961503444,0.9011782121658325
1,0.6463762975195378,0.890624508857727
2,0.6409320768557096,0.8807602500915528
3,0.6360631722012206,0.8715177631378174
4,0.6316888149845543,0.8628181171417236
5,0.6277254260898206,0.854580888748169
6,0.6241196214297171,0.8467588329315185
7,0.6208125712198503,0.8393353652954102
8,0.617752037265084,0.8322625827789306
9,0.6148988202428133,0.8255126142501831
10,0.6122230616482821,0.8190746784210206
11,0.6096963876742495,0.8129188203811646
12,0.6072920669208873,0.8070230102539062
13,0.6049917223350854,0.801384449005127
14,0.6027795646749615,0.7959734582901001
15,0.6006375973304493,0.7907750177383422
16,0.5985555141166067,0.7857806777954102
17,0.5965243423954721,0.7809658908843994
18,0.5945340837017771,0.7763332891464233
19,0.592576145555414,0.7718614864349366
20,0.5906476081843581,0.7675371646881104
21,0.5887430079245681,0.7633588361740112
22,0.5868552623753343,0.759313108921051
23,0.5849863946723025,0.7553819227218628
24,0.5831626921749571,0.75159264087677
25,0.5813417463211351,0.7479134321212768
26,0.5795132777337252,0.744338264465332
27,0.5776857454240607,0.7408571767807007
28,0.5758625913464852,0.7374752354621887
29,0.574043212895188,0.7342041182518005
30,0.5722386971044768,0.7310383987426757
31,0.5704575403455342,0.7279500532150268
32,0.568699908028379,0.7249548888206482
33,0.5669658349461533,0.7220399904251099
34,0.5652578259198859,0.7191842246055603
35,0.5635720023698214,0.7163776016235351
36,0.5619116365624387,0.7136253547668457
37,0.560267471240468,0.7109179019927978
38,0.5586472590003858,0.7082683920860291
39,0.5570545715578435,0.7056809616088867
40,0.5554841277702003,0.7031474375724792
41,0.5539316714665536,0.7006681299209595
42,0.5523926016816683,0.6982876753807068
43,0.5508778152283299,0.6958903980255127
44,0.5493323971209914,0.6935610818862915
45,0.5478106489021812,0.6912891912460327
46,0.5463157173549159,0.689074649810791
47,0.5448474296542446,0.6868969464302063
48,0.5434001484556061,0.6847673559188843
49,0.5419797917302145,0.6826682233810425
50,0.5405817020452764,0.6805996036529541
51,0.5392051507411391,0.6785654640197754
52,0.5378511861750954,0.6765652894973755
53,0.5365175984122537,0.6745854115486145
54,0.5352045331845443,0.6726218414306641
55,0.5339116006376641,0.6706964182853699
56,0.5326399386784677,0.6687982225418091
57,0.5313856624530263,0.6669285583496094
58,0.5301515770871104,0.6650856280326843
59,0.5289344992934232,0.6632704758644103
60,0.5277335880475752,0.6614870667457581
61,0.5265481765760759,0.6597327756881713
62,0.5253802709031904,0.6580184173583984
63,0.5242304063299627,0.6563342571258545
64,0.5230980395700373,0.654681966304779
65,0.5219820116125226,0.6530621838569641
66,0.5208838496481973,0.6514736700057984
67,0.5198012305218638,0.6499104261398315
68,0.5187363253826159,0.6483714723587036
69,0.5176886927568171,0.646852822303772
70,0.5166577154939825,0.6453560447692871
71,0.5156433836124731,0.6438743352890015
72,0.5146436714099355,0.6424235105514526
73,0.5136614227979377,0.6410004806518554
74,0.5126957131915115,0.6395977592468262
75,0.5117430330463574,0.6382141327857971
76,0.5108018046931216,0.6368499231338501
77,0.5098755237018092,0.635512821674347
78,0.5089669681051702,0.6341999316215515
79,0.5080859598360563,0.6328526830673218
80,0.5071829280784826,0.6315427207946778
81,0.5062943597159317,0.6302619981765747
82,0.5054210264716993,0.6290084600448609
83,0.5045645031632419,0.6277788400650024
84,0.5037269769102762,0.6265492987632751
85,0.5028483211708982,0.625358657836914
86,0.5019893264086053,0.6242116594314575
87,0.5011529948152423,0.6231003999710083
88,0.5003384802330053,0.6220110630989075
89,0.4995460761220832,0.6209365701675416
90,0.498774220498555,0.61987318277359
91,0.49802007715097457,0.6188181591033936
92,0.4972865729811089,0.6177620601654052
93,0.4965727739927301,0.6166992449760437
94,0.4958761419976157,0.6156408739089966
95,0.49519434927753286,0.6145756626129151
96,0.49452861188131086,0.6134975385665894
97,0.4938776108066431,0.6124043130874633
98,0.4932408643681467,0.6112984919548035
99,0.492618002104417,0.6101831221580505
100,0.4920080038919403,0.6090654373168946
101,0.49140945376391615,0.607940673828125
102,0.4908231434069182,0.6068110704421997
103,0.4902460951554148,0.6056732749938964
104,0.489676725351069,0.6045292663574219
105,0.48911655605124515,0.6033803701400757
106,0.48856489994879543,0.6022362089157105
107,0.4880206981344086,0.6011084532737732
108,0.48748450530202764,0.5999782991409301
109,0.486954314286629,0.598840413093567
110,0.4864314626278489,0.5976904606819153
111,0.4859149561544354,0.596529278755188
112,0.4854054262763576,0.5953671598434448
113,0.48490174193131297,0.594196949005127
114,0.4844034844608398,0.5930187845230103
115,0.4839114851928784,0.5918335437774658
116,0.4834252250821967,0.5906408905982972
117,0.482944855564519,0.5894475436210632
118,0.4824697204183734,0.5882529592514039
119,0.48199922930110584,0.5870524740219116
120,0.48153348630695253,0.5858478593826294
121,0.4810724189977326,0.5846382284164429
122,0.480615983739424,0.5834282016754151
123,0.48016371282093834,0.5822178053855896
124,0.4797154479619989,0.5810095691680908
125,0.47927108164609333,0.5797956252098083
126,0.4788311614374225,0.578580756187439
127,0.4783950060178218,0.5773632192611694
128,0.4779630651314293,0.5761456346511841
129,0.4775341660782481,0.5749276232719421
130,0.47710905234779466,0.5737121057510376
131,0.4766875836267426,0.5725006985664368
132,0.4762687771514272,0.5712906217575073
133,0.4758533915264184,0.5700839471817016
134,0.4754406975216843,0.5688788247108459
135,0.47503072251543477,0.5676709866523743
136,0.4746238061685882,0.5664704084396363
137,0.47421893976521834,0.5652717161178589
138,0.473816919554934,0.5640773248672485
139,0.4734174848743603,0.5628852033615113
140,0.4730195012389188,0.5616960668563843
141,0.47262422319804653,0.560506501197815
142,0.4722309754225626,0.5593215894699096
143,0.4718401962490173,0.5581450676918029
144,0.47145196410457485,0.5569737577438354
145,0.47106528111051715,0.5558050918579102
146,0.4706811987612236,0.5546402835845947
147,0.4702993839551387,0.5534776306152344
148,0.46991936099586307,0.5523200678825378
149,0.4695419997119447,0.5511683106422425
150,0.4691669093935113,0.5500155282020569
151,0.46879337193292864,0.5488659691810608
152,0.46842143353092613,0.547721176147461
153,0.4680524693721789,0.5465790796279907
154,0.4676851171055479,0.5454444694519043
155,0.4673198119304967,0.5443140935897827
156,0.4669566853194716,0.5431842923164367
157,0.4665958051476182,0.5420590472221375
158,0.4662355954567211,0.5409351634979248
159,0.465877867771678,0.5398153424263
160,0.4655215209751038,0.5386992120742797
161,0.46516692210612687,0.5375866508483886
162,0.46481413133977134,0.5364740943908691
163,0.46446331408605623,0.5353642892837525
164,0.46411374681874323,0.53426029920578
165,0.4637664174349114,0.5331650280952454
166,0.4634207187657151,0.5320819902420044
167,0.4630766781893643,0.531009202003479
168,0.4627339945455487,0.5299378204345703
169,0.46239309675955886,0.5288721561431885
170,0.4620539203785253,0.527812979221344
171,0.46171681418943633,0.5267569208145142
172,0.4613814217051821,0.5257047271728515
173,0.4610482502782174,0.5246583676338196
174,0.4607162966112201,0.5236157846450805
175,0.4603862944972572,0.5225767135620117
176,0.46005843130595375,0.5215431427955628
177,0.4597317259847833,0.5205159187316895
178,0.4594072189057273,0.5195015096664428
179,0.4590837094201996,0.5184939217567444
180,0.45876208617926784,0.5174909090995788
181,0.45844169895044357,0.5164894104003906
182,0.45812311497601593,0.5154935050010682
183,0.45780591673828197,0.5145053791999817
184,0.45748986467790376,0.5135249495506287
185,0.45717485298950705,0.5125566697120667
186,0.45686154787620287,0.5115914154052734
187,0.45654960653998633,0.5106350445747375
188,0.4562385675439424,0.5096844720840454
189,0.455929191203779,0.5087445783615112
190,0.4556210177937193,0.5078127598762512
191,0.4553139309563705,0.5068835091590881
192,0.45500826122658106,0.5059652900695801
193,0.4547034268173875,0.5050571250915528
194,0.45439972546682406,0.5041627883911133
195,0.4540971902568945,0.5032780933380127
196,0.4537911198355935,0.502524483203888
197,0.45347343135678597,0.5017722702026367
198,0.45315934282740905,0.5010161828994751
199,0.45285017068306227,0.5002345561981201
200,0.4525453819042188,0.4994351434707642
201,0.45224452246889546,0.49862032413482665
202,0.45194656826092294,0.49779361248016357
203,0.45165107951780253,0.49695942401885984
204,0.45135833629580774,0.4961213541030884
205,0.4510671850026509,0.4952823448181152
206,0.4507778845905687,0.4944453310966492
207,0.4504908771035774,0.49361267805099485
208,0.45020504716480747,0.49277645111083984
209,0.449920801454754,0.4919446873664856
210,0.4496377156111612,0.49111649990081785
211,0.44935571662546914,0.4902917718887329
212,0.4490748658134606,0.4894722318649292
213,0.4487951109854228,0.4886564517021179
214,0.448517001987074,0.4878425431251526
215,0.4482395241135045,0.487032413482666
216,0.4479625878151524,0.48623367786407473
217,0.4476868176574342,0.48543777227401735
218,0.4474116324237659,0.48463777303695676
219,0.44713691889384144,0.48384987354278564
220,0.44686337350087874,0.48307199239730836
221,0.44659035314213147,0.4822951531410217
222,0.4463181110660425,0.4815165424346924
223,0.44604741129578585,0.48074334144592284
224,0.44577777014965075,0.4799726104736328
225,0.4455082790132915,0.4792132544517517
226,0.44524112044338976,0.47843979835510253
227,0.4449750915098418,0.4776830339431763
228,0.4447106057376953,0.47691524028778076
229,0.4444471874305506,0.4761676406860352
230,0.4441854548796512,0.475414547920227
231,0.44392425392233015,0.4746665334701538
232,0.44366431321823996,0.47393867015838625
233,0.44340575967679186,0.4732067656517029
234,0.4431481073347575,0.47247881889343263
235,0.4428921530121251,0.4717557501792908
236,0.4426366025180908,0.4710481119155884
237,0.44238256552573024,0.47033267974853515
238,0.4421293267793062,0.46962523221969604
239,0.4418774523803492,0.46892030239105226
240,0.4416262102469303,0.468221583366394
241,0.44137648275594393,0.46751474380493163
242,0.4411273650005103,0.46682651042938234
243,0.44087936148118745,0.46613072395324706
244,0.4406321356741435,0.4654523181915283
245,0.4403863974165118,0.4647703170776367
246,0.4401409674489327,0.4640992188453674
247,0.4398964894445319,0.4634405636787415
248,0.4396528282233973,0.4627857208251953
249,0.43941098964955816,0.46213502645492555
250,0.4391695874159416,0.46149115562438964
251,0.43892944001695183,0.4608546447753906
252,0.4386896280010351,0.46022090673446653
253,0.4384511988699151,0.4595880937576294
254,0.43821357568485314,0.4589598822593689
255,0.43797662611783406,0.45833887338638307
256,0.4377402355226033,0.45772254943847657
257,0.4375048587767131,0.4571091198921204
258,0.4372699668532924,0.4565030550956726
259,0.4370357351439992,0.4558995628356934
260,0.4368021108887412,0.45529870510101317
261,0.43656946340816444,0.454702353477478
262,0.43633739543303346,0.4541085910797119
263,0.43610604413958826,0.45352317571640016
264,0.435876095694218,0.4529426622390747
265,0.43564727574444273,0.45236509323120117
266,0.43541883253024527,0.45179048776626585
267,0.4351910241482931,0.45122203350067136
268,0.43496367748844567,0.4506576633453369
269,0.4347371230855513,0.45011441230773924
270,0.43451218228591115,0.4495538711547852
271,0.4342876977897717,0.4489991855621338
272,0.43406400241349874,0.44845937728881835
273,0.43384133200896413,0.44791078329086303
274,0.4336188538222792,0.44739734172821044
275,0.43339681112024775,0.44686964988708494
276,0.4331747647107503,0.44635389804840087
277,0.4329544585287286,0.44584920167922976
278,0.43273471873342706,0.44537278413772585
279,0.43251531603233667,0.44489123821258547
280,0.432296634575967,0.44441877126693724
281,0.432079366234501,0.4439540958404541
282,0.4318623274707338,0.4434888458251953
283,0.43164555821122164,0.4430269694328308
284,0.43142891557593094,0.44255139589309694
285,0.4312121856725957,0.44207297325134276
286,0.4309967810457403,0.4415995502471924
287,0.43078188861956435,0.44111961364746094
288,0.4305681512116245,0.4406476593017578
289,0.4303555534216776,0.4401608729362488
290,0.43014339739055724,0.43968828439712526
291,0.4299322420900518,0.4392309856414795
292,0.42972160326807124,0.4388022971153259
293,0.42951113641547245,0.4383488082885742
294,0.4293010514318658,0.4379090166091919
295,0.42909204817274543,0.43748165607452394
296,0.42888349579852164,0.4370616626739502
297,0.42867538033489977,0.4366437292098999
298,0.4284691787792735,0.4362263441085815
299,0.42826269973408093,0.43581820964813234
300,0.4280573220914631,0.43541998863220216
301,0.4278522071085478,0.4350243425369263
302,0.4276473718967164,0.43462835550308226
303,0.42744302122216477,0.43423651456832885
304,0.4272394111852326,0.4338452959060669
305,0.42703624376269617,0.43345972776412967
306,0.42683367010509,0.43307807445526125
307,0.42663130919899095,0.4326976943016052
308,0.4264306254934466,0.4323264694213867
309,0.4262292590437894,0.43195897579193115
310,0.42602881290125505,0.43158879041671755
311,0.4258290899997693,0.43121265172958373
312,0.42562953393425096,0.4308334803581238
313,0.4254305753411288,0.4304513025283814
314,0.42523181609559857,0.43006577730178835
315,0.42503395548277495,0.4296818447113037
316,0.4248365993705092,0.42929629325866697
317,0.4246398504270891,0.4289050483703613
318,0.42444422912369506,0.42851991891860963
319,0.4242489919708106,0.4281380414962769
320,0.424054522548566,0.42775973558425906
321,0.4238603702572544,0.4273777198791504
322,0.4236671827626571,0.42699921131134033
323,0.42347405544308386,0.4266222143173218
324,0.42328171325072145,0.42622891664505
325,0.4230903863336481,0.4258639454841614
326,0.42289856461246617,0.42550167083740237
327,0.4227066641789304,0.4251170468330383
328,0.422516414708498,0.42473957061767575
329,0.4223269552135011,0.4243635702133179
330,0.42213735226809124,0.4239922475814819
331,0.42194842636300045,0.42362596035003663
332,0.42175988574917805,0.4232673358917236
333,0.4215720144755532,0.42291380643844606
334,0.42138449170372705,0.4225663757324219
335,0.4211969700726596,0.42222348928451536
336,0.42100992927140596,0.4218874001502991
337,0.42082392684580605,0.42155312061309813
338,0.42063837901256873,0.4212175440788269
339,0.4204524695588071,0.4208721208572388
340,0.4202668478614406,0.4205503034591675
341,0.4200819297270341,0.42020927906036376
342,0.41989752521925566,0.41988467931747436
343,0.4197132042720557,0.41958261728286744
344,0.4195292609160026,0.41925050258636476
345,0.4193457815635718,0.4189264249801636
346,0.41916251211075123,0.4186204743385315
347,0.41897952185863513,0.41829250812530516
348,0.4187972454363079,0.41797094106674193
349,0.4186148087373761,0.4176773166656494
350,0.4184324193799325,0.41736296892166136
351,0.4182510701092807,0.41704442739486697
352,0.41807002627678463,0.41671616077423096
353,0.417889417073373,0.4163925528526306
354,0.41770888373041837,0.4160725474357605
355,0.4175283963030035,0.4157612419128418
356,0.41734866234674406,0.41545599460601806
357,0.41716971465845426,0.4151520466804504
358,0.4169905137217216,0.41483377933502197
359,0.4168115067139767,0.41454912185668946
360,0.4166326337453851,0.41423949480056765
361,0.41645422934345083,0.4139573287963867
362,0.4162761292389135,0.4136533331871033
363,0.4160980616460006,0.41335209369659426
364,0.4159204289673618,0.4130583834648132
365,0.41574267280158816,0.41276530265808103
366,0.41556509373861067,0.4124759817123413
367,0.4153880730770421,0.41219632148742674
368,0.4152113401718687,0.4119175100326538
369,0.4150345416730671,0.41163852453231814
370,0.41485866604809557,0.4113359546661377
371,0.41468269859204454,0.4110416793823242
372,0.41450720341011665,0.4107556867599487
373,0.41433166373859753,0.4104752945899963
374,0.4141563801674181,0.4101976323127747
375,0.4139809197786322,0.40991819858551026
376,0.4138061720788764,0.4096400332450867
377,0.4136311505970202,0.4093638944625855
378,0.4134567682252546,0.40908905029296877
379,0.4132824765438098,0.40881320714950564
380,0.41310816746579404,0.4085408902168274
381,0.41293486425180753,0.4082755494117737
382,0.412761027447915,0.40801549196243286
383,0.41258765151055804,0.40775519371032715
384,0.412414805740831,0.4074983072280884
385,0.41224218726728523,0.40723676204681397
386,0.4120693052784678,0.4069806027412415
387,0.41189713968614644,0.40672502040863034
388,0.4117248303582223,0.40647225379943847
389,0.41155220988834873,0.4062206840515137
390,0.41138022824337606,0.4059686017036438
391,0.41120815790441045,0.4057148265838623
392,0.4110367959766297,0.40546374082565306
393,0.4108655612434497,0.4052126860618591
394,0.41069456549922817,0.40496221780776975
395,0.4105241164636384,0.4047183847427368
396,0.4103537059286565,0.4044745206832886
397,0.4101831573618656,0.40422806024551394
398,0.41001186730188616,0.40398982286453244
399,0.4098410974278975,0.4037566328048706
